:date 01122024-15:28:17.000
:fixed_data
0 0 0 0 sd_sd1
1 1 0 0 sd_sd2
2 2 0 0 sd_sd3
3 3 0 0 sd_sd4
:
:vdbench503_vdbench_data_for_swat303
:date 01122024-15:28:17.000 01122024-15:28:32.000
1 0 69897 278512 229796505 0 559176 2228096 350832 350245 350832 0 0 0
0 0 0 278511 228308780 0 0 2228088 528992 0 528992 0 0 0
3 0 1349020 0 233157669 0 10792160 0 257380 257380 0 0 0 0
2 0 0 278512 226831303 0 0 2228096 528607 0 528607 0 0 0
:
:vdbench503_vdbench_data_for_swat303
:date 01122024-15:28:32.000 01122024-15:28:47.000
1 0 58748 235875 233975082 0 469984 1887000 1211666 948832 1211666 0 0 0
0 0 0 245760 238259131 0 0 1966080 1039591 0 1039591 0 0 0
3 0 1294217 0 236800129 0 10353736 0 464603 464603 0 0 0 0
2 0 0 245760 240673886 0 0 1966080 1031404 0 1031404 0 0 0
:
:vdbench503_vdbench_data_for_swat303
:date 01122024-15:28:47.000 01122024-15:29:02.000
1 0 68221 272029 240736191 0 545768 2176232 563203 563049 563203 0 0 0
0 0 0 212992 238141811 0 0 1703936 1235524 0 1235524 0 0 0
3 0 1232487 0 237373423 0 9859896 0 276088 276088 0 0 0 0
2 0 0 252208 236330290 0 0 2017664 1183048 0 1183048 0 0 0
:
:vdbench503_vdbench_data_for_swat303
:date 01122024-15:29:02.000 01122024-15:29:17.000
1 0 86936 351699 241642265 0 695488 2813592 367120 366973 367120 0 0 0
0 0 0 180226 234235038 0 0 1441808 1440708 0 1440708 0 0 0
3 0 1295434 0 237056484 0 10363472 0 264508 264508 0 0 0 0
2 0 0 255696 239222769 0 0 2045568 444591 0 444591 0 0 0
:
:vdbench503_vdbench_data_for_swat303
:date 01122024-15:29:17.000 01122024-15:29:32.000
1 0 97838 391831 235982200 0 782704 3134648 299078 299038 299078 0 0 0
0 0 0 196606 243443421 0 0 1572848 1347036 0 1347036 0 0 0
3 0 1181151 0 237215686 0 9449208 0 232262 232262 0 0 0 0
2 0 0 262144 237996731 0 0 2097152 515817 0 515817 0 0 0
:
:vdbench503_vdbench_data_for_swat303
:date 01122024-15:29:32.000 01122024-15:29:47.000
1 0 96358 386088 237740984 0 770864 3088704 382215 382021 382215 0 0 0
0 0 0 184829 232392366 0 0 1478632 1360488 0 1360488 0 0 0
3 0 1206496 0 237391609 0 9651968 0 270066 270066 0 0 0 0
2 0 0 249920 235774041 0 0 1999360 565854 0 565854 0 0 0
:
:vdbench503_vdbench_data_for_swat303
:date 01122024-15:29:47.000 01122024-15:30:02.000
1 0 110481 445116 236084213 0 883848 3560928 352631 352396 352631 0 0 0
0 0 0 241155 243870326 0 0 1929240 1280955 0 1280955 0 0 0
3 0 1255920 0 236849829 0 10047360 0 229887 229887 0 0 0 0
2 0 0 274368 238627185 0 0 2194944 581635 0 581635 0 0 0
:
:vdbench503_vdbench_data_for_swat303
:date 01122024-15:30:02.000 01122024-15:30:17.000
1 0 119402 478736 236090910 0 955216 3829888 249629 248678 249629 0 0 0
0 0 0 198729 232235815 0 0 1589832 1392459 0 1392459 0 0 0
3 0 1306633 0 236950698 0 10453064 0 249910 249910 0 0 0 0
2 0 0 262145 237281010 0 0 2097160 513154 0 513154 0 0 0
:
:vdbench503_vdbench_data_for_swat303
:date 01122024-15:30:17.000 01122024-15:30:32.000
1 0 125539 498120 235598885 0 1004312 3984960 185581 184293 185581 0 0 0
0 0 0 210873 242549461 0 0 1686984 910166 0 910166 0 0 0
3 0 1348311 0 236583566 0 10786488 0 194511 194511 0 0 0 0
2 0 0 278532 236467579 0 0 2228256 515898 0 515898 0 0 0
:
:vdbench503_vdbench_data_for_swat303
:date 01122024-15:30:32.000 01122024-15:30:47.000
1 0 126584 506715 235700737 0 1012672 4053720 297481 297481 297065 0 0 0
0 0 0 201767 235935690 0 0 1614136 1317991 0 1317991 0 0 0
3 0 1394549 0 236669738 0 11156392 0 297468 297468 0 0 0 0
2 0 0 294908 239690174 0 0 2359264 569351 0 569351 0 0 0
:
:vdbench503_vdbench_data_for_swat303
:date 01122024-15:30:47.000 01122024-15:31:02.000
1 0 126912 506763 235724611 0 1015296 4054104 238497 224429 238497 0 0 0
0 0 0 224216 240927215 0 0 1793728 732396 0 732396 0 0 0
3 0 1335826 0 236709087 0 10686608 0 242552 242552 0 0 0 0
2 0 0 344063 235274490 0 0 2752504 561414 0 561414 0 0 0
:
:vdbench503_vdbench_data_for_swat303
:date 01122024-15:31:02.000 01122024-15:31:17.000
1 0 129641 515341 235444603 0 1037128 4122728 132257 131488 132257 0 0 0
0 0 0 229375 237909566 0 0 1835000 636159 0 636159 0 0 0
3 0 1315546 0 236569655 0 10524368 0 131943 131943 0 0 0 0
2 0 0 448855 243825153 0 0 3590840 534422 0 534422 0 0 0
:
:vdbench503_vdbench_data_for_swat303
:date 01122024-15:31:17.000 01122024-15:31:32.000
1 0 136732 541812 235281074 0 1093856 4334496 131127 129635 131127 0 0 0
0 0 0 225734 236475461 0 0 1805872 636905 0 636905 0 0 0
3 0 1382870 0 236340874 0 11062960 0 130628 130628 0 0 0 0
2 0 0 534362 235644734 0 0 4274896 131461 0 131461 0 0 0
:
:vdbench503_vdbench_data_for_swat303
:date 01122024-15:31:32.000 01122024-15:31:47.000
1 0 126391 504421 235568167 0 1011128 4035368 204079 201049 204079 0 0 0
0 0 0 200250 239761400 0 0 1602000 1385120 0 1385120 0 0 0
3 0 1247551 0 236751868 0 9980408 0 203776 203776 0 0 0 0
2 0 0 490878 236157783 0 0 3927024 254728 0 254728 0 0 0
:
:vdbench503_vdbench_data_for_swat303
:date 01122024-15:31:47.000 01122024-15:32:02.000
1 0 134109 536638 235399233 0 1072872 4293104 189145 185139 189145 0 0 0
0 0 0 245760 236924967 0 0 1966080 693262 0 693262 0 0 0
3 0 1345825 0 236558260 0 10766600 0 188174 188174 0 0 0 0
2 0 0 532469 235831231 0 0 4259752 189328 0 189328 0 0 0
:
:vdbench503_vdbench_data_for_swat303
:date 01122024-15:32:02.000 01122024-15:32:17.000
1 0 130952 524696 235293798 0 1047616 4197568 139462 116514 139462 0 0 0
0 0 0 229377 238601292 0 0 1835016 577621 0 577621 0 0 0
3 0 1295942 0 236466250 0 10367536 0 139736 139736 0 0 0 0
2 0 0 533729 235652962 0 0 4269832 139655 0 139655 0 0 0
:
:vdbench503_vdbench_data_for_swat303
:date 01122024-15:32:17.000 01122024-15:32:32.000
1 0 137386 549774 235155728 0 1099088 4398192 117050 116425 117050 0 0 0
0 0 0 229375 237370059 0 0 1835000 652242 0 652242 0 0 0
3 0 1381017 0 236460267 0 11048136 0 117407 117407 0 0 0 0
2 0 0 558672 235556818 0 0 4469376 117370 0 117370 0 0 0
:
:vdbench503_vdbench_data_for_swat303
:date 01122024-15:32:32.000 01122024-15:32:47.000
1 0 136609 546762 234838625 0 1092872 4374096 207567 204531 207567 0 0 0
0 0 0 212992 239956087 0 0 1703936 801887 0 801887 0 0 0
3 0 1419820 0 235986860 0 11358560 0 207808 207808 0 0 0 0
2 0 0 552786 235306605 0 0 4422288 208292 0 208292 0 0 0
:
:vdbench503_vdbench_data_for_swat303
:date 01122024-15:32:47.000 01122024-15:33:02.000
1 0 132948 531554 235368118 0 1063584 4252432 223688 217502 223688 0 0 0
0 0 0 208438 235887396 0 0 1667504 1656126 0 1656126 0 0 0
3 0 1331308 0 236537258 0 10650464 0 226647 226647 0 0 0 0
2 0 0 540503 235709939 0 0 4324024 223515 0 223515 0 0 0
:
:vdbench503_vdbench_data_for_swat303
:date 01122024-15:33:02.000 01122024-15:33:17.000
1 0 135191 539584 235066893 0 1081528 4316672 116856 115878 116856 0 0 0
0 0 0 332234 244043634 0 0 2657872 610760 0 610760 0 0 0
3 0 1323288 0 236319350 0 10586304 0 116699 116699 0 0 0 0
2 0 0 549532 235454123 0 0 4396256 116678 0 116678 0 0 0
:
:vdbench503_vdbench_data_for_swat303
:date 01122024-15:33:17.000 01122024-15:33:32.000
1 0 140509 562599 234483349 0 1124072 4500792 61294 59094 61294 0 0 0
0 0 0 376832 232260004 0 0 3014656 555953 0 555953 0 0 0
3 0 1407053 0 235847712 0 11256424 0 60672 60672 0 0 0 0
2 0 0 573323 234979621 0 0 4586584 60928 0 60928 0 0 0
:
:vdbench503_vdbench_data_for_swat303
:date 01122024-15:33:32.000 01122024-15:33:47.000
1 0 131710 525081 235110793 0 1053680 4200648 112090 100292 112090 0 0 0
0 0 0 344064 236512663 0 0 2752512 500529 0 500529 0 0 0
3 0 1297259 0 236486428 0 10378072 0 112116 112116 0 0 0 0
2 0 0 542554 235470276 0 0 4340432 112310 0 112310 0 0 0
:
:vdbench503_vdbench_data_for_swat303
:date 01122024-15:33:47.000 01122024-15:34:02.000
1 0 135006 541445 235131019 0 1080048 4331560 168180 167380 168180 0 0 0
0 0 0 360448 235273157 0 0 2883584 516969 0 516969 0 0 0
3 0 1312572 0 236389698 0 10500576 0 168162 168162 0 0 0 0
2 0 0 551359 235460595 0 0 4410872 168342 0 168342 0 0 0
:
:vdbench503_vdbench_data_for_swat303
:date 01122024-15:34:02.000 01122024-15:34:17.000
1 0 141531 566730 234407098 0 1132248 4533840 62676 62376 62676 0 0 0
0 0 0 360448 239818878 0 0 2883584 552813 0 552813 0 0 0
3 0 1419477 0 235805910 0 11355816 0 63562 63562 0 0 0 0
2 0 0 576061 234897157 0 0 4608488 62558 0 62558 0 0 0
:
:vdbench503_vdbench_data_for_swat303
:date 01122024-15:34:17.000 01122024-15:34:32.000
1 0 137240 546758 234935084 0 1097920 4374064 77797 70998 77797 0 0 0
0 0 0 350841 237072377 0 0 2806728 544635 0 544635 0 0 0
3 0 1330969 0 236226950 0 10647752 0 77949 77949 0 0 0 0
2 0 0 558059 235281196 0 0 4464472 77972 0 77972 0 0 0
:
:vdbench503_vdbench_data_for_swat303
:date 01122024-15:34:32.000 01122024-15:34:47.000
1 0 133521 533567 235092899 0 1068168 4268536 139054 121073 139054 0 0 0
0 0 0 352584 238076472 0 0 2820672 487648 0 487648 0 0 0
3 0 1305972 0 236303936 0 10447776 0 138996 138996 0 0 0 0
2 0 0 539573 235518649 0 0 4316584 145131 0 145131 0 0 0
:
:vdbench503_vdbench_data_for_swat303
:date 01122024-15:34:47.000 01122024-15:35:02.000
1 0 138069 551610 234639926 0 1104552 4412880 105466 105466 104329 0 0 0
0 0 0 393765 239341569 0 0 3150120 528112 0 528112 0 0 0
3 0 1362288 0 235960821 0 10898304 0 105930 105930 0 0 0 0
2 0 0 561637 235093700 0 0 4493096 103448 0 103448 0 0 0
:
:vdbench503_vdbench_data_for_swat303
:date 01122024-15:35:02.000 01122024-15:35:17.000
1 0 132167 530018 235009806 0 1057336 4240144 74830 73779 74830 0 0 0
0 0 0 459290 235063099 0 0 3674320 530623 0 530623 0 0 0
3 0 1239617 0 236476705 0 9916936 0 75008 75008 0 0 0 0
2 0 0 543980 235437126 0 0 4351840 74991 0 74991 0 0 0
:
:vdbench503_vdbench_data_for_swat303
:date 01122024-15:35:17.000 01122024-15:35:32.000
1 0 136411 545494 234821988 0 1091288 4363952 39022 38455 39022 0 0 0
0 0 0 505088 235727094 0 0 4040704 161290 0 161290 0 0 0
3 0 1295654 0 236213581 0 10365232 0 40020 40020 0 0 0 0
2 0 0 557657 235239718 0 0 4461256 57464 0 57464 0 0 0
:
:vdbench503_vdbench_data_for_swat303
:date 01122024-15:35:32.000 01122024-15:35:47.000
1 0 131477 524864 234969191 0 1051816 4198912 163333 163225 163333 0 0 0
0 0 0 457494 235648198 0 0 3659952 328781 0 328781 0 0 0
3 0 1304826 0 236031257 0 10438608 0 111645 111645 0 0 0 0
2 0 0 531847 235321508 0 0 4254776 113831 0 113831 0 0 0
:
:vdbench503_vdbench_data_for_swat303
:date 01122024-15:35:47.000 01122024-15:36:02.000
1 0 132501 532194 235349791 0 1060008 4257552 118906 92700 118906 0 0 0
0 0 0 473371 237005774 0 0 3786968 463454 0 463454 0 0 0
3 0 1255574 0 236652664 0 10044592 0 116475 116475 0 0 0 0
2 0 0 526621 235794682 0 0 4212968 149362 0 149362 0 0 0
:
:vdbench503_vdbench_data_for_swat303
:date 01122024-15:36:02.000 01122024-15:36:17.000
1 0 132654 528174 234632594 0 1061232 4225392 126028 125893 126028 0 0 0
0 0 0 476929 234650775 0 0 3815432 198380 0 198380 0 0 0
3 0 1288822 0 235864570 0 10310576 0 94740 94740 0 0 0 0
2 0 0 545194 234977019 0 0 4361552 94708 0 94708 0 0 0
:
:vdbench503_vdbench_data_for_swat303
:date 01122024-15:36:17.000 01122024-15:36:32.000
1 0 135120 540392 234789228 0 1080960 4323136 55404 55298 55404 0 0 0
0 0 0 493445 236731340 0 0 3947560 169076 0 169076 0 0 0
3 0 1262087 0 236280756 0 10096696 0 55680 55680 0 0 0 0
2 0 0 555303 235143465 0 0 4442424 55587 0 55587 0 0 0
:
:vdbench503_vdbench_data_for_swat303
:date 01122024-15:36:32.000 01122024-15:36:47.000
1 0 134369 536170 235357461 0 1074952 4289360 125141 123191 125141 0 0 0
0 0 0 460873 235545364 0 0 3686984 365844 0 365844 0 0 0
3 0 1288071 0 236665308 0 10304568 0 140603 140603 0 0 0 0
2 0 0 539920 235754172 0 0 4319360 181910 0 181910 0 0 0
:
:vdbench503_vdbench_data_for_swat303
:date 01122024-15:36:47.000 01122024-15:37:02.000
1 0 138780 553493 234912672 0 1110240 4427944 106848 103940 106848 0 0 0
0 0 0 496813 237012391 0 0 3974504 283388 0 283388 0 0 0
3 0 1328280 0 236150383 0 10626240 0 107231 107231 0 0 0 0
2 0 0 559092 235291144 0 0 4472736 107414 0 107414 0 0 0
:
:vdbench503_vdbench_data_for_swat303
:date 01122024-15:37:02.000 01122024-15:37:17.000
1 0 128754 514209 235216134 0 1030032 4113672 59919 54034 59919 0 0 0
0 0 0 493130 235516957 0 0 3945040 100178 0 100178 0 0 0
3 0 1181769 0 236758458 0 9454152 0 59957 59957 0 0 0 0
2 0 0 525918 235681130 0 0 4207344 60102 0 60102 0 0 0
:
:vdbench503_vdbench_data_for_swat303
:date 01122024-15:37:17.000 01122024-15:37:32.000
1 0 136769 549552 234929722 0 1094152 4396416 69325 69289 69325 0 0 0
0 0 0 530055 235827803 0 0 4240440 148031 0 148031 0 0 0
3 0 1312438 0 236215137 0 10499504 0 54720 54720 0 0 0 0
2 0 0 561829 235275783 0 0 4494632 87735 0 87735 0 0 0
:
:vdbench503_vdbench_data_for_swat303
:date 01122024-15:37:32.000 01122024-15:37:47.000
1 0 132795 532063 234948514 0 1062360 4256504 162301 162301 162271 0 0 0
0 0 0 484536 235172253 0 0 3876288 359071 0 359071 0 0 0
3 0 1310513 0 236137612 0 10484104 0 115307 115307 0 0 0 0
2 0 0 544232 235287586 0 0 4353856 164032 0 164032 0 0 0
:
:vdbench503_vdbench_data_for_swat303
:date 01122024-15:37:47.000 01122024-15:38:02.000
1 0 132864 531337 235365675 0 1062912 4250696 84984 81649 84984 0 0 0
0 0 0 492530 236704763 0 0 3940240 235287 0 235287 0 0 0
3 0 1245965 0 236704476 0 9967720 0 85154 85154 0 0 0 0
2 0 0 536655 235817335 0 0 4293240 85557 0 85557 0 0 0
:
:vdbench503_vdbench_data_for_swat303
:date 01122024-15:38:02.000 01122024-15:38:17.000
1 0 138959 553716 234707155 0 1111672 4429728 89300 83522 89300 0 0 0
0 0 0 498008 233676833 0 0 3984064 275112 0 275112 0 0 0
3 0 1339223 0 236014636 0 10713784 0 89163 89163 0 0 0 0
2 0 0 558956 235123085 0 0 4471648 89488 0 89488 0 0 0
