:date 01122024-15:50:38.000
:fixed_data
0 0 0 0 sd_sd1
1 1 0 0 sd_sd2
2 2 0 0 sd_sd3
3 3 0 0 sd_sd4
:
:vdbench503_vdbench_data_for_swat303
:date 01122024-15:50:38.000 01122024-15:50:53.000
1 0 71651 287159 229443015 0 573208 2297272 379752 379703 379752 0 0 0
0 0 0 309675 229840358 0 0 2477400 278160 0 278160 0 0 0
3 0 1314392 0 229007981 0 10515136 0 70926 70926 0 0 0 0
2 0 0 297296 230409963 0 0 2378368 355577 0 355577 0 0 0
:
:vdbench503_vdbench_data_for_swat303
:date 01122024-15:50:53.000 01122024-15:51:08.000
1 0 63024 251753 236005689 0 504192 2014024 360988 360589 360988 0 0 0
0 0 0 277330 236645098 0 0 2218640 352122 0 352122 0 0 0
3 0 1432017 0 235703440 0 11456136 0 89715 89715 0 0 0 0
2 0 0 267261 236687324 0 0 2138088 327532 0 327532 0 0 0
:
:vdbench503_vdbench_data_for_swat303
:date 01122024-15:51:08.000 01122024-15:51:23.000
1 0 62552 250059 238025144 0 500416 2000472 381769 381447 381769 0 0 0
0 0 0 262328 237403077 0 0 2098624 384353 0 384353 0 0 0
3 0 1491938 0 236370116 0 11935504 0 82883 82883 0 0 0 0
2 0 0 267389 237382168 0 0 2139112 337637 0 337637 0 0 0
:
:vdbench503_vdbench_data_for_swat303
:date 01122024-15:51:23.000 01122024-15:51:38.000
1 0 61530 248876 237409029 0 492240 1991008 396043 395798 396043 0 0 0
0 0 0 253999 237560780 0 0 2031992 412623 0 412623 0 0 0
3 0 1504826 0 236485282 0 12038608 0 85500 85500 0 0 0 0
2 0 0 267393 237385929 0 0 2139144 342303 0 342303 0 0 0
:
:vdbench503_vdbench_data_for_swat303
:date 01122024-15:51:38.000 01122024-15:51:53.000
1 0 62114 248291 237193236 0 496912 1986328 398062 397957 398062 0 0 0
0 0 0 249680 237391807 0 0 1997440 369328 0 369328 0 0 0
3 0 1589505 0 236093574 0 12716040 0 82070 82070 0 0 0 0
2 0 0 264611 237251422 0 0 2116888 353290 0 353290 0 0 0
:
:vdbench503_vdbench_data_for_swat303
:date 01122024-15:51:53.000 01122024-15:52:08.000
1 0 61777 249861 237299519 0 494216 1998888 354719 354610 354719 0 0 0
0 0 0 246420 237602740 0 0 1971360 385410 0 385410 0 0 0
3 0 1474343 0 236422032 0 11794744 0 90710 90710 0 0 0 0
2 0 0 262699 237433099 0 0 2101592 370803 0 370803 0 0 0
:
:vdbench503_vdbench_data_for_swat303
:date 01122024-15:52:08.000 01122024-15:52:23.000
1 0 62207 249358 237473687 0 497656 1994864 384388 384149 384388 0 0 0
0 0 0 247276 237570172 0 0 1978208 393293 0 393293 0 0 0
3 0 1547607 0 236376477 0 12380856 0 72303 72303 0 0 0 0
2 0 0 265196 237413803 0 0 2121568 364801 0 364801 0 0 0
:
:vdbench503_vdbench_data_for_swat303
:date 01122024-15:52:23.000 01122024-15:52:38.000
1 0 62031 249236 237040164 0 496248 1993888 369075 368868 369075 0 0 0
0 0 0 242404 236277044 0 0 1939232 423844 0 423844 0 0 0
3 0 1579637 0 235810214 0 12637096 0 82620 82620 0 0 0 0
2 0 0 267770 237087376 0 0 2142160 381043 0 381043 0 0 0
:
:vdbench503_vdbench_data_for_swat303
:date 01122024-15:52:38.000 01122024-15:52:53.000
1 0 62791 251400 237279595 0 502328 2011200 405797 405710 405797 0 0 0
0 0 0 245687 237507539 0 0 1965496 405509 0 405509 0 0 0
3 0 1515403 0 236300867 0 12123224 0 89945 89945 0 0 0 0
2 0 0 266759 237339017 0 0 2134072 355400 0 355400 0 0 0
:
:vdbench503_vdbench_data_for_swat303
:date 01122024-15:52:53.000 01122024-15:53:08.000
1 0 61606 248175 236725133 0 492848 1985400 375734 375583 375734 0 0 0
0 0 0 244738 238711834 0 0 1957904 410708 0 410708 0 0 0
3 0 1499510 0 236480171 0 11996080 0 102966 102966 0 0 0 0
2 0 0 263364 237487093 0 0 2106912 360293 0 360293 0 0 0
:
:vdbench503_vdbench_data_for_swat303
:date 01122024-15:53:08.000 01122024-15:53:23.000
1 0 63764 251983 238043212 0 510112 2015864 401289 401258 401289 0 0 0
0 0 0 245924 237583381 0 0 1967392 383774 0 383774 0 0 0
3 0 1555900 0 236356180 0 12447200 0 96376 96376 0 0 0 0
2 0 0 266788 237381125 0 0 2134304 377529 0 377529 0 0 0
:
:vdbench503_vdbench_data_for_swat303
:date 01122024-15:53:23.000 01122024-15:53:38.000
1 0 61965 246245 237088621 0 495720 1969960 385465 385463 385465 0 0 0
0 0 0 244745 237307202 0 0 1957960 387763 0 387763 0 0 0
3 0 1595376 0 235966569 0 12763008 0 82097 82097 0 0 0 0
2 0 0 265967 237094199 0 0 2127736 369175 0 369175 0 0 0
:
:vdbench503_vdbench_data_for_swat303
:date 01122024-15:53:38.000 01122024-15:53:53.000
1 0 62377 248745 237096404 0 499016 1989960 390952 390802 390952 0 0 0
0 0 0 243873 236506613 0 0 1950984 430867 0 430867 0 0 0
3 0 1589811 0 236013941 0 12718488 0 78967 78967 0 0 0 0
2 0 0 266375 237132364 0 0 2131000 330261 0 330261 0 0 0
:
:vdbench503_vdbench_data_for_swat303
:date 01122024-15:53:53.000 01122024-15:54:08.000
1 0 62797 251118 236619519 0 502376 2008944 385950 385849 385950 0 0 0
0 0 0 242427 237815034 0 0 1939416 399877 0 399877 0 0 0
3 0 1460131 0 236697006 0 11681048 0 99381 99381 0 0 0 0
2 0 0 265181 237580439 0 0 2121448 347532 0 347532 0 0 0
:
:vdbench503_vdbench_data_for_swat303
:date 01122024-15:54:08.000 01122024-15:54:23.000
1 0 62225 249156 238033441 0 497800 1993248 389196 388297 389196 0 0 0
0 0 0 245807 238193249 0 0 1966456 419337 0 419337 0 0 0
3 0 1523330 0 236163640 0 12186640 0 83905 83905 0 0 0 0
2 0 0 265180 237195109 0 0 2121440 380100 0 380100 0 0 0
:
:vdbench503_vdbench_data_for_swat303
:date 01122024-15:54:23.000 01122024-15:54:38.000
1 0 62265 248683 237352194 0 498120 1989464 370071 369947 370071 0 0 0
0 0 0 245096 237531633 0 0 1960768 357534 0 357534 0 0 0
3 0 1513395 0 236318425 0 12107160 0 79278 79278 0 0 0 0
2 0 0 269365 236360552 0 0 2154920 360193 0 360193 0 0 0
:
:vdbench503_vdbench_data_for_swat303
:date 01122024-15:54:38.000 01122024-15:54:53.000
1 0 62820 251896 237103581 0 502560 2015168 379616 379455 379616 0 0 0
0 0 0 246877 237315373 0 0 1975016 411393 0 411393 0 0 0
3 0 1564193 0 236038831 0 12513544 0 90189 90189 0 0 0 0
2 0 0 264018 238073836 0 0 2112144 396612 0 396612 0 0 0
:
:vdbench503_vdbench_data_for_swat303
:date 01122024-15:54:53.000 01122024-15:55:08.000
1 0 63186 251308 236828857 0 505488 2010464 379046 378832 379046 0 0 0
0 0 0 244168 237017602 0 0 1953344 416782 0 416782 0 0 0
3 0 1495479 0 235874694 0 11963832 0 81510 81510 0 0 0 0
2 0 0 264106 237004374 0 0 2112848 345114 0 345114 0 0 0
:
:vdbench503_vdbench_data_for_swat303
:date 01122024-15:55:08.000 01122024-15:55:23.000
1 0 62672 249949 237759120 0 501376 1999592 362201 362141 362201 0 0 0
0 0 0 244982 237314416 0 0 1959856 425633 0 425633 0 0 0
3 0 1457629 0 236558731 0 11661032 0 92313 92313 0 0 0 0
2 0 0 266678 237714532 0 0 2133424 318015 0 318015 0 0 0
:
:vdbench503_vdbench_data_for_swat303
:date 01122024-15:55:23.000 01122024-15:55:38.000
1 0 62676 251198 237058659 0 501408 2009584 396941 396882 396941 0 0 0
0 0 0 245583 237833136 0 0 1964664 386043 0 386043 0 0 0
3 0 1564957 0 236310296 0 12519656 0 101057 101057 0 0 0 0
2 0 0 267718 236980585 0 0 2141744 352871 0 352871 0 0 0
:
:vdbench503_vdbench_data_for_swat303
:date 01122024-15:55:38.000 01122024-15:55:53.000
1 0 63025 250854 237311979 0 504200 2006832 373125 372840 373125 0 0 0
0 0 0 244739 237627609 0 0 1957912 377001 0 377001 0 0 0
3 0 1567422 0 236124305 0 12539376 0 81053 81053 0 0 0 0
2 0 0 264024 237195101 0 0 2112192 359207 0 359207 0 0 0
:
:vdbench503_vdbench_data_for_swat303
:date 01122024-15:55:53.000 01122024-15:56:08.000
1 0 61814 247333 237329379 0 494512 1978664 372831 372578 372831 0 0 0
0 0 0 243763 237537800 0 0 1950104 412862 0 412862 0 0 0
3 0 1551917 0 236163726 0 12415336 0 90412 90412 0 0 0 0
2 0 0 269120 237536713 0 0 2152960 355858 0 355858 0 0 0
:
:vdbench503_vdbench_data_for_swat303
:date 01122024-15:56:08.000 01122024-15:56:23.000
1 0 62592 248118 237241014 0 500736 1984944 366327 366261 366327 0 0 0
0 0 0 246091 237427446 0 0 1968728 373304 0 373304 0 0 0
3 0 1471849 0 236314890 0 11774792 0 87065 87065 0 0 0 0
2 0 0 261692 237318619 0 0 2093536 383321 0 383321 0 0 0
:
:vdbench503_vdbench_data_for_swat303
:date 01122024-15:56:23.000 01122024-15:56:38.000
1 0 62093 246719 237257337 0 496744 1973752 359086 359072 359086 0 0 0
0 0 0 246951 237462877 0 0 1975608 417039 0 417039 0 0 0
3 0 1427672 0 236345332 0 11421376 0 100460 100460 0 0 0 0
2 0 0 269975 237232272 0 0 2159800 370331 0 370331 0 0 0
:
:vdbench503_vdbench_data_for_swat303
:date 01122024-15:56:38.000 01122024-15:56:53.000
1 0 62323 249413 237287657 0 498584 1995304 404354 404181 404354 0 0 0
0 0 0 241863 236375835 0 0 1934904 417521 0 417521 0 0 0
3 0 1550882 0 236162242 0 12407056 0 97761 97761 0 0 0 0
2 0 0 263088 237349858 0 0 2104704 388098 0 388098 0 0 0
:
:vdbench503_vdbench_data_for_swat303
:date 01122024-15:56:53.000 01122024-15:57:08.000
1 0 63467 253168 236634138 0 507736 2025344 391392 391367 391392 0 0 0
0 0 0 243627 238499969 0 0 1949016 402555 0 402555 0 0 0
3 0 1571221 0 235977426 0 12569768 0 80419 80419 0 0 0 0
2 0 0 266345 237133954 0 0 2130760 411205 0 411205 0 0 0
:
:vdbench503_vdbench_data_for_swat303
:date 01122024-15:57:08.000 01122024-15:57:23.000
1 0 62771 250388 237750323 0 502168 2003104 362179 362044 362179 0 0 0
0 0 0 245383 237505820 0 0 1963064 392957 0 392957 0 0 0
3 0 1420013 0 236509849 0 11360104 0 87491 87491 0 0 0 0
2 0 0 263252 237366366 0 0 2106016 347043 0 347043 0 0 0
:
:vdbench503_vdbench_data_for_swat303
:date 01122024-15:57:23.000 01122024-15:57:38.000
1 0 62556 249508 237199645 0 500448 1996064 372854 372854 372834 0 0 0
0 0 0 244975 237367683 0 0 1959800 414325 0 414325 0 0 0
3 0 1446749 0 236289893 0 11573992 0 84327 84327 0 0 0 0
2 0 0 266416 237176545 0 0 2131328 350652 0 350652 0 0 0
:
:vdbench503_vdbench_data_for_swat303
:date 01122024-15:57:38.000 01122024-15:57:53.000
1 0 62006 247292 237162544 0 496048 1978336 371181 371179 371181 0 0 0
0 0 0 244288 237360389 0 0 1954304 423563 0 423563 0 0 0
3 0 1449364 0 236134394 0 11594912 0 90839 90839 0 0 0 0
2 0 0 266042 237119533 0 0 2128336 338243 0 338243 0 0 0
:
:vdbench503_vdbench_data_for_swat303
:date 01122024-15:57:53.000 01122024-15:58:08.000
1 0 63023 251340 237165955 0 504184 2010720 394979 394685 394979 0 0 0
0 0 0 244081 237094753 0 0 1952648 374185 0 374185 0 0 0
3 0 1418837 0 236394248 0 11350696 0 93058 93058 0 0 0 0
2 0 0 262616 237227027 0 0 2100928 348775 0 348775 0 0 0
:
:vdbench503_vdbench_data_for_swat303
:date 01122024-15:58:08.000 01122024-15:58:23.000
1 0 62836 250982 237124928 0 502688 2007856 363137 362912 363137 0 0 0
0 0 0 244087 237718858 0 0 1952696 397163 0 397163 0 0 0
3 0 1570399 0 236024690 0 12563192 0 88301 88301 0 0 0 0
2 0 0 267307 237205957 0 0 2138456 359701 0 359701 0 0 0
:
:vdbench503_vdbench_data_for_swat303
:date 01122024-15:58:23.000 01122024-15:58:38.000
1 0 61362 247050 237104833 0 490896 1976400 368789 368624 368789 0 0 0
0 0 0 245353 237278086 0 0 1962824 403482 0 403482 0 0 0
3 0 1563425 0 235954861 0 12507400 0 85696 85696 0 0 0 0
2 0 0 265558 237096867 0 0 2124464 375718 0 375718 0 0 0
:
:vdbench503_vdbench_data_for_swat303
:date 01122024-15:58:38.000 01122024-15:58:53.000
1 0 63270 252742 237232071 0 506160 2021936 366437 366386 366437 0 0 0
0 0 0 247060 237437297 0 0 1976480 412339 0 412339 0 0 0
3 0 1554133 0 236271144 0 12433064 0 93641 93641 0 0 0 0
2 0 0 266301 237248447 0 0 2130408 374440 0 374440 0 0 0
:
:vdbench503_vdbench_data_for_swat303
:date 01122024-15:58:53.000 01122024-15:59:08.000
1 0 62983 250838 237303733 0 503864 2006704 406292 406077 406292 0 0 0
0 0 0 242963 237558290 0 0 1943704 458265 0 458265 0 0 0
3 0 1460006 0 236424525 0 11680048 0 101476 101476 0 0 0 0
2 0 0 263528 237349609 0 0 2108224 355648 0 355648 0 0 0
:
:vdbench503_vdbench_data_for_swat303
:date 01122024-15:59:08.000 01122024-15:59:23.000
1 0 62012 248851 237383584 0 496096 1990808 374078 374064 374078 0 0 0
0 0 0 246075 237450806 0 0 1968600 370117 0 370117 0 0 0
3 0 1596539 0 236157986 0 12772312 0 83262 83262 0 0 0 0
2 0 0 267146 237326868 0 0 2137168 343282 0 343282 0 0 0
:
:vdbench503_vdbench_data_for_swat303
:date 01122024-15:59:23.000 01122024-15:59:38.000
1 0 61839 247826 237191342 0 494712 1982608 382715 382533 382715 0 0 0
0 0 0 242432 236342905 0 0 1939456 387922 0 387922 0 0 0
3 0 1567410 0 236043295 0 12539280 0 93628 93628 0 0 0 0
2 0 0 264343 237235554 0 0 2114744 368819 0 368819 0 0 0
:
:vdbench503_vdbench_data_for_swat303
:date 01122024-15:59:38.000 01122024-15:59:53.000
1 0 62411 250045 236907942 0 499288 2000360 366682 366118 366682 0 0 0
0 0 0 244916 238346268 0 0 1959328 414108 0 414108 0 0 0
3 0 1419029 0 236071250 0 11352232 0 67364 67364 0 0 0 0
2 0 0 270249 236876486 0 0 2161992 359123 0 359123 0 0 0
:
:vdbench503_vdbench_data_for_swat303
:date 01122024-15:59:53.000 01122024-16:00:08.000
1 0 62424 250993 237524203 0 499392 2007944 358473 357857 358473 0 0 0
0 0 0 244097 238025838 0 0 1952776 400790 0 400790 0 0 0
3 0 1255140 0 237303382 0 10041120 0 101248 101248 0 0 0 0
2 0 0 261592 237841883 0 0 2092736 324545 0 324545 0 0 0
:
:vdbench503_vdbench_data_for_swat303
:date 01122024-16:00:08.000 01122024-16:00:23.000
1 0 60830 244263 237598132 0 486640 1954104 356456 337792 356456 0 0 0
0 0 0 243784 237372006 0 0 1950272 394913 0 394913 0 0 0
3 0 1062841 0 237162708 0 8502728 0 97419 97419 0 0 0 0
2 0 0 264109 237202032 0 0 2112872 305576 0 305576 0 0 0
:
:vdbench503_vdbench_data_for_swat303
:date 01122024-16:00:23.000 01122024-16:00:38.000
1 0 62060 248476 237784338 0 496480 1987808 243371 243240 243371 0 0 0
0 0 0 245825 237921521 0 0 1966600 397401 0 397401 0 0 0
3 0 692230 0 238347424 0 5537840 0 93990 93990 0 0 0 0
2 0 0 265133 237762432 0 0 2121064 287025 0 287025 0 0 0
